72214 TLH Tallahassee Fsu Observations at 00Z 02 Sep 2016

-----------------------------------------------------------------------------
   PRES   HGHT   TEMP   DWPT   RELH   MIXR   DRCT   SKNT   THTA   THTE   THTV
    hPa     m      C      C      %    g/kg    deg   knot     K      K      K 
-----------------------------------------------------------------------------
 1000.0     53   23.2   22.4     95  17.39     85      8  296.4  346.6  299.4
  971.6    305   22.4   20.1     87  15.52    105     30  298.0  343.3  300.8
  970.0    320   22.4   20.0     86  15.42    106     31  298.1  343.1  300.9
  949.0    510   20.6   19.5     93  15.28    115     41  298.2  342.7  300.9
  938.1    610   20.1   19.0     93  14.93    120     47  298.6  342.2  301.3
  925.0    732   19.4   18.3     93  14.52    120     47  299.1  341.7  301.7
  905.7    914   18.3   16.8     91  13.47    125     49  299.8  339.4  302.2
  898.0    987   17.8   16.2     90  13.07    125     48  300.0  338.5  302.4
  881.0   1152   19.0   15.4     80  12.64    125     47  302.9  340.6  305.2
  874.1   1219   18.9   15.0     78  12.44    125     46  303.5  340.6  305.7
  861.0   1349   18.6   14.3     76  12.04    122     44  304.5  340.7  306.7
  850.0   1460   18.0   13.6     75  11.65    120     42  305.0  340.1  307.1
  834.0   1623   16.4   12.9     80  11.33    111     39  305.0  339.1  307.0
  814.1   1829   16.9   10.6     66   9.95    100     35  307.6  338.0  309.4
  809.0   1882   17.0   10.0     63   9.62    100     36  308.3  337.8  310.1
  801.0   1967   15.4    9.4     67   9.32    100     37  307.4  336.0  309.2
  785.4   2134   14.8    9.6     71   9.65    100     39  308.6  338.2  310.4
  779.0   2203   14.6    9.7     72   9.79    101     38  309.0  339.1  310.9
  760.0   2412   14.6    8.6     67   9.31    105     35  311.2  340.1  313.0
  757.7   2438   14.4    8.5     68   9.29    105     35  311.3  340.2  313.0
  733.0   2718   12.4    7.7     73   9.07     96     33  312.1  340.4  313.8
  730.8   2743   12.3    7.4     72   8.93     95     33  312.2  340.1  313.9
  716.0   2914   11.6    5.6     67   8.03     93     36  313.3  338.5  314.8
  710.0   2985   10.4    5.4     71   7.98     92     37  312.7  337.8  314.2
  700.0   3103   10.4    4.4     66   7.55     90     39  314.0  337.8  315.4
  688.0   3247   10.2    4.2     66   7.57     87     37  315.3  339.4  316.7
  679.3   3353    9.0    3.8     70   7.44     85     35  315.2  338.8  316.6
  676.0   3393    8.6    3.6     71   7.38     86     35  315.1  338.6  316.5
  654.7   3658    7.5    2.5     71   7.05     95     36  316.8  339.4  318.1
  634.0   3923    6.4    1.4     70   6.73    112     31  318.4  340.2  319.7
  631.0   3962    6.1    1.3     71   6.69    115     30  318.5  340.1  319.8
  607.8   4267    3.4    0.2     80   6.44    110     29  318.8  339.7  320.1
  601.0   4359    2.6   -0.1     82   6.36    109     27  318.9  339.6  320.1
  585.3   4572    1.3   -0.7     86   6.24    105     23  319.8  340.1  321.0
  567.0   4829   -0.3   -1.5     92   6.08    113     26  320.9  340.8  322.1
  563.6   4877   -0.5   -1.7     92   6.05    115     27  321.2  341.1  322.4
  542.4   5182   -1.6   -2.7     92   5.83    115     30  323.5  342.8  324.6
  510.0   5673   -3.3   -4.3     93   5.49    135     28  327.1  345.6  328.2
  502.5   5791   -3.9   -5.0     92   5.26    140     27  327.8  345.6  328.8
  500.0   5830   -4.1   -5.3     91   5.19    140     26  328.0  345.6  329.0
  483.3   6096   -5.3   -6.7     90   4.83    135     24  329.6  346.1  330.6
  422.0   7158  -10.3  -12.2     86   3.58    146     29  336.3  349.0  337.1
  400.0   7570  -12.5  -14.8     83   3.05    150     31  338.6  349.7  339.3
  397.4   7620  -12.8  -15.1     83   3.00    150     30  338.9  349.7  339.5
  341.0   8773  -19.9  -22.0     83   1.94    141     35  344.4  351.7  344.8
  337.9   8839  -20.4  -22.6     83   1.86    140     35  344.6  351.6  345.0
  324.1   9144  -22.8  -25.2     81   1.54    140     33  345.5  351.4  345.8
  300.0   9710  -27.1  -30.0     76   1.06    135     25  347.1  351.2  347.3
  298.1   9754  -27.4  -30.4     76   1.03    125     25  347.2  351.3  347.4
  267.0  10534  -33.1  -36.5     71   0.63    146     22  350.1  352.7  350.2
  261.9  10668  -34.3  -38.0     68   0.55    150     22  350.3  352.6  350.4
  250.0  10990  -37.1  -41.8     62   0.39    140     24  350.8  352.4  350.9
  239.0  11300  -39.7  -44.6     59   0.30    143     24  351.4  352.7  351.5
  215.0  12013  -46.1  -49.5     68   0.20    148     23  352.2  353.1  352.3
  209.2  12192  -47.7  -52.0     61   0.15    150     23  352.5  353.2  352.6
  200.0  12490  -50.3  -56.3     49   0.09    165     23  352.9  353.4  353.0
  196.0  12622  -51.5  -57.5     49   0.08    169     22  353.1  353.5  353.1
  179.0  13205  -56.5  -60.9     57   0.06    188     20  354.2  354.5  354.2
  173.2  13411  -58.6  -63.4     54   0.04    195     19  354.0  354.2  354.0
  171.0  13493  -59.5  -64.4     53   0.04    197     19  353.9  354.1  353.9
  150.0  14300  -66.7  -71.7     49   0.02    215     23  355.0  355.1  355.0
  137.0  14843  -71.1  -77.1     41   0.01    232     32  356.5  356.6  356.5
  134.9  14935  -71.6  -77.6     40   0.01    235     33  357.2  357.2  357.2
  128.0  15240  -73.4  -79.4     40   0.01    245     26  359.3  359.3  359.3
  122.0  15524  -75.1  -81.1     39   0.00    265     18  361.3  361.3  361.3
  121.6  15545  -74.8  -81.0     38   0.00    270     17  362.3  362.3  362.3
  120.0  15620  -73.5  -80.5     34   0.01    284     15  365.9  365.9  365.9
  116.0  15819  -72.7  -79.7     34   0.01    319      8  370.9  371.0  370.9
  115.4  15850  -72.7  -79.7     34   0.01    325      7  371.5  371.5  371.5
  112.0  16026  -72.7  -79.7     34   0.01    352      8  374.7  374.7  374.7
  109.0  16185  -73.9  -80.9     34   0.01     17      8  375.3  375.4  375.3
  107.0  16293  -72.9  -79.9     34   0.01     34      9  379.2  379.3  379.2
  101.0  16632  -73.7  -80.7     34   0.01     86     10  384.0  384.0  384.0
  100.0  16690  -73.1  -80.1     34   0.01     95     10  386.2  386.3  386.2
   90.9  17248  -73.3  -81.3     29   0.01     81      9  396.5  396.6  396.5
   86.4  17548  -69.5  -79.5     22   0.01     73      8  410.0  410.0  410.0
   83.3  17765  -70.7  -79.7     25   0.01     68      7  411.8  411.9  411.8
   78.6  18110  -69.3  -79.3     22   0.01     59      6  421.6  421.7  421.6
   76.3  18288  -69.5  -79.5     22   0.01     55      6  424.7  424.8  424.7
   73.0  18550  -69.9  -79.9     22   0.01     55     14  429.3  429.4  429.3
   72.5  18593  -69.6  -79.8     21   0.01     55     15  430.8  430.9  430.8
   70.0  18800  -68.3  -79.3     19   0.01     85      7  437.9  438.0  437.9
   66.3  19128  -65.5  -77.5     17   0.02     46      5  450.9  451.0  450.9
   60.1  19725  -64.9  -77.9     15   0.02    335      2  465.0  465.1  465.0
   59.3  19812  -64.3  -77.3     15   0.02    325      1  468.1  468.3  468.2
   55.4  20225  -61.7  -74.7     16   0.03     84      8  483.3  483.5  483.3
   53.7  20422  -61.7  -74.7     16   0.03    140     12  487.7  487.9  487.7
   50.0  20860  -61.7  -74.7     16   0.03     80      8  497.7  497.9  497.7
   48.6  21031  -61.5  -75.0     15   0.03     70     12  502.0  502.2  502.0
   46.8  21270  -61.3  -75.3     14   0.03     86     17  508.1  508.3  508.1
   46.3  21336  -61.5  -75.5     14   0.03     90     18  509.1  509.3  509.1
   44.1  21641  -62.7  -76.7     14   0.03     85     18  513.6  513.8  513.6
   44.0  21651  -62.7  -76.7     14   0.03     85     18  513.7  513.9  513.7
   42.4  21880  -61.3  -76.3     12   0.03     89     22  522.6  522.9  522.7
   38.0  22555  -61.3  -75.5     13   0.04    100     32  539.1  539.4  539.2
   36.7  22776  -61.3  -75.3     14   0.04     99     32  544.7  545.0  544.7
   30.0  24040  -56.5  -71.5     13   0.08     90     31  590.0  590.7  590.0
   28.4  24389  -55.3  -70.3     14   0.10     85     36  602.6  603.5  602.7
   28.4  24384  -55.3  -70.3     14   0.10     85     36  602.5  603.4  602.5
   23.3  25646  -56.9  -71.9     13   0.10     88     42  633.0  633.9  633.1
   21.3  26213  -54.2  -70.1     12   0.14     90     44  657.4  658.7  657.5
   21.1  26278  -53.9  -69.9     12   0.15                660.3  661.6  660.3
Station information and sounding indices

                         Station identifier: TLH
                             Station number: 72214
                           Observation time: 160902/0000
                           Station latitude: 30.45
                          Station longitude: -84.30
                          Station elevation: 53.0
                            Showalter index: 2.76
                               Lifted index: 1.25
    LIFT computed using virtual temperature: 1.26
                                SWEAT index: 273.18
                                    K index: 29.70
                         Cross totals index: 17.70
                      Vertical totals index: 22.10
                        Totals totals index: 39.80
      Convective Available Potential Energy: 6.33
             CAPE using virtual temperature: 12.28
                      Convective Inhibition: -2.36
             CINS using virtual temperature: -1.23
                           Equilibrum Level: 549.62
 Equilibrum Level using virtual temperature: 546.84
                   Level of Free Convection: 913.57
             LFCT using virtual temperature: 921.83
                     Bulk Richardson Number: 1.19
          Bulk Richardson Number using CAPV: 2.31
  Temp [K] of the Lifted Condensation Level: 293.26
Pres [hPa] of the Lifted Condensation Level: 949.30
     Mean mixed layer potential temperature: 297.67
              Mean mixed layer mixing ratio: 15.91
              1000 hPa to 500 hPa thickness: 5777.00
Precipitable water [mm] for entire sounding: 56.44
Description of the data columns or sounding indices.

 Close this window   Select another map 
Interested in graduate studies in atmospheric science? Check out our program at the University of Wyoming
Questions about the weather data provided by this site can be addressed to Larry Oolman (ldoolman@uwyo.edu)
